64652
642807
801170
800043
805287
843339
937388
955604
961254
691883
858356
615330
611275
598417
602659
633224
604639
600399
596250
609704
602837
160546
603277
1043878
983348
984145
950476
971693
981492
613645
786990
554363
592144
687753
810725
400457
99220
945278
727933
332006
450176
137299
548485
399858
382077
417651
394672
423590
413943
413660
398877
422761
421887
407566
406006
381826
399154
922153
976498
951167
831131
845390
784752
156390
610656
297157
274692
289579
246134
2262987
2277914
724826
702192
398213
2369938
2359660
105725
874235
862470
527369
537388
520301
471971
632460
613003
281577
14443
0
16546
304071
1082675
1063865
