234420
234421
234419
234417
234418
234425
234426
234424
234422
234423
234416
234409
234410
234408
234406
234407
234414
234415
234413
234411
234412
234441
234442
234440
234438
234439
234446
234447
234445
234443
234444
234437
234430
234431
234429
234427
234428
234435
234436
234434
234432
234433
234405
234377
234378
234376
234374
234375
234382
234383
234381
234379
234380
234373
234366
234367
234365
234363
234364
234371
234372
234370
234368
234369
234398
234399
234397
234395
234396
234403
234404
234402
234400
234401
234394
234387
234388
234386
234384
234385
234392
234393
234391
234389
234390
234448
234506
234507
234505
234503
234504
234511
234512
234510
234508
234509
234502
234495
234496
234494
234492
234493
234500
234501
234499
234497
234498
234527
234528
234526
234524
234525
234532
234533
234531
234529
234530
234523
234516
234517
234515
234513
234514
234521
234522
234520
234518
234519
234491
234463
234464
234462
234460
234461
234468
234469
234467
234465
234466
234459
234452
234453
234451
234449
234450
234457
234458
234456
234454
234455
234484
234485
234483
234481
234482
234489
234490
234488
234486
234487
234480
234473
234474
234472
234470
234471
234478
234479
234477
234475
234476
234362
234248
234249
234247
234245
234246
234253
234254
234252
234250
234251
234244
234237
234238
234236
234234
234235
234242
234243
234241
234239
234240
234269
234270
234268
234266
234267
234274
234275
234273
234271
234272
234265
234258
234259
234257
234255
234256
234263
234264
234262
234260
234261
234233
234205
234206
234204
234202
234203
234210
234211
234209
234207
234208
234201
234194
234195
234193
234191
234192
234199
234200
234198
234196
234197
234226
234227
234225
234223
234224
234231
234232
234230
234228
234229
234222
234215
234216
234214
234212
234213
234220
234221
234219
234217
234218
234276
234334
234335
234333
234331
234332
234339
234340
234338
234336
234337
234330
234323
234324
234322
234320
234321
234328
234329
234327
234325
234326
234355
234356
234354
234352
234353
234360
234361
234359
234357
234358
234351
234344
234345
234343
234341
234342
234349
234350
234348
234346
234347
234319
234291
234292
234290
234288
234289
234296
234297
234295
234293
234294
234287
234280
234281
234279
234277
234278
234285
234286
234284
234282
234283
234312
234313
234311
234309
234310
234317
234318
234316
234314
234315
234308
234301
234302
234300
234298
234299
234306
234307
234305
234303
234304
234763
234764
234762
234760
234761
234768
234769
234767
234765
234766
234759
234752
234753
234751
234749
234750
234757
234758
234756
234754
234755
234784
234785
234783
234781
234782
234789
234790
234788
234786
234787
234780
234773
234774
234772
234770
234771
234778
234779
234777
234775
234776
234748
234720
234721
234719
234717
234718
234725
234726
234724
234722
234723
234716
234709
234710
234708
234706
234707
234714
234715
234713
234711
234712
234741
234742
234740
234738
234739
234746
234747
234745
234743
234744
234737
234730
234731
234729
234727
234728
234735
234736
234734
234732
234733
234791
234849
234850
234848
234846
234847
234854
234855
234853
234851
234852
234845
234838
234839
234837
234835
234836
234843
234844
234842
234840
234841
234870
234871
234869
234867
234868
234875
234876
234874
234872
234873
234866
234859
234860
234858
234856
234857
234864
234865
234863
234861
234862
234834
234806
234807
234805
234803
234804
234811
234812
234810
234808
234809
234802
234795
234796
234794
234792
234793
234800
234801
234799
234797
234798
234827
234828
234826
234824
234825
234832
234833
234831
234829
234830
234823
234816
234817
234815
234813
234814
234821
234822
234820
234818
234819
234705
234591
234592
234590
234588
234589
234596
234597
234595
234593
234594
234587
234580
234581
234579
234577
234578
234585
234586
234584
234582
234583
234612
234613
234611
234609
234610
234617
234618
234616
234614
234615
234608
234601
234602
234600
234598
234599
234606
234607
234605
234603
234604
234576
234548
234549
234547
234545
234546
234553
234554
234552
234550
234551
234544
234537
234538
234536
234534
234535
234542
234543
234541
234539
234540
234569
234570
234568
234566
234567
234574
234575
234573
234571
234572
234565
234558
234559
234557
234555
234556
234563
234564
234562
234560
234561
234619
234677
234678
234676
234674
234675
234682
234683
234681
234679
234680
234673
234666
234667
234665
234663
234664
234671
234672
234670
234668
234669
234698
234699
234697
234695
234696
234703
234704
234702
234700
234701
234694
234687
234688
234686
234684
234685
234692
234693
234691
234689
234690
234662
234634
234635
234633
234631
234632
234639
234640
234638
234636
234637
234630
234623
234624
234622
234620
234621
234628
234629
234627
234625
234626
234655
234656
234654
234652
234653
234660
234661
234659
234657
234658
234651
234644
234645
234643
234641
234642
234649
234650
234648
234646
234647
234190
233733
233734
233732
233730
233731
233738
233739
233737
233735
233736
233729
233722
233723
233721
233719
233720
233727
233728
233726
233724
233725
233754
233755
233753
233751
233752
233759
233760
233758
233756
233757
233750
233743
233744
233742
233740
233741
233748
233749
233747
233745
233746
233718
233690
233691
233689
233687
233688
233695
233696
233694
233692
233693
233686
233679
233680
233678
233676
233677
233684
233685
233683
233681
233682
233711
233712
233710
233708
233709
233716
233717
233715
233713
233714
233707
233700
233701
233699
233697
233698
233705
233706
233704
233702
233703
233761
233819
233820
233818
233816
233817
233824
233825
233823
233821
233822
233815
233808
233809
233807
233805
233806
233813
233814
233812
233810
233811
233840
233841
233839
233837
233838
233845
233846
233844
233842
233843
233836
233829
233830
233828
233826
233827
233834
233835
233833
233831
233832
233804
233776
233777
233775
233773
233774
233781
233782
233780
233778
233779
233772
233765
233766
233764
233762
233763
233770
233771
233769
233767
233768
233797
233798
233796
233794
233795
233802
233803
233801
233799
233800
233793
233786
233787
233785
233783
233784
233791
233792
233790
233788
233789
233675
233561
233562
233560
233558
233559
233566
233567
233565
233563
233564
233557
233550
233551
233549
233547
233548
233555
233556
233554
233552
233553
233582
233583
233581
233579
233580
233587
233588
233586
233584
233585
233578
233571
233572
233570
233568
233569
233576
233577
233575
233573
233574
233546
233518
233519
233517
233515
233516
233523
233524
233522
233520
233521
233514
233507
233508
233506
233504
233505
233512
233513
233511
233509
233510
233539
233540
233538
233536
233537
233544
233545
233543
233541
233542
233535
233528
233529
233527
233525
233526
233533
233534
233532
233530
233531
233589
233647
233648
233646
233644
233645
233652
233653
233651
233649
233650
233643
233636
233637
233635
233633
233634
233641
233642
233640
233638
233639
233668
233669
233667
233665
233666
233673
233674
233672
233670
233671
233664
233657
233658
233656
233654
233655
233662
233663
233661
233659
233660
233632
233604
233605
233603
233601
233602
233609
233610
233608
233606
233607
233600
233593
233594
233592
233590
233591
233598
233599
233597
233595
233596
233625
233626
233624
233622
233623
233630
233631
233629
233627
233628
233621
233614
233615
233613
233611
233612
233619
233620
233618
233616
233617
234076
234077
234075
234073
234074
234081
234082
234080
234078
234079
234072
234065
234066
234064
234062
234063
234070
234071
234069
234067
234068
234097
234098
234096
234094
234095
234102
234103
234101
234099
234100
234093
234086
234087
234085
234083
234084
234091
234092
234090
234088
234089
234061
234033
234034
234032
234030
234031
234038
234039
234037
234035
234036
234029
234022
234023
234021
234019
234020
234027
234028
234026
234024
234025
234054
234055
234053
234051
234052
234059
234060
234058
234056
234057
234050
234043
234044
234042
234040
234041
234048
234049
234047
234045
234046
234104
234162
234163
234161
234159
234160
234167
234168
234166
234164
234165
234158
234151
234152
234150
234148
234149
234156
234157
234155
234153
234154
234183
234184
234182
234180
234181
234188
234189
234187
234185
234186
234179
234172
234173
234171
234169
234170
234177
234178
234176
234174
234175
234147
234119
234120
234118
234116
234117
234124
234125
234123
234121
234122
234115
234108
234109
234107
234105
234106
234113
234114
234112
234110
234111
234140
234141
234139
234137
234138
234145
234146
234144
234142
234143
234136
234129
234130
234128
234126
234127
234134
234135
234133
234131
234132
234018
233904
233905
233903
233901
233902
233909
233910
233908
233906
233907
233900
233893
233894
233892
233890
233891
233898
233899
233897
233895
233896
233925
233926
233924
233922
233923
233930
233931
233929
233927
233928
233921
233914
233915
233913
233911
233912
233919
233920
233918
233916
233917
233889
233861
233862
233860
233858
233859
233866
233867
233865
233863
233864
233857
233850
233851
233849
233847
233848
233855
233856
233854
233852
233853
233882
233883
233881
233879
233880
233887
233888
233886
233884
233885
233878
233871
233872
233870
233868
233869
233876
233877
233875
233873
233874
233932
233990
233991
233989
233987
233988
233995
233996
233994
233992
233993
233986
233979
233980
233978
233976
233977
233984
233985
233983
233981
233982
234011
234012
234010
234008
234009
234016
234017
234015
234013
234014
234007
234000
234001
233999
233997
233998
234005
234006
234004
234002
234003
233975
233947
233948
233946
233944
233945
233952
233953
233951
233949
233950
233943
233936
233937
233935
233933
233934
233941
233942
233940
233938
233939
233968
233969
233967
233965
233966
233973
233974
233972
233970
233971
233964
233957
233958
233956
233954
233955
233962
233963
233961
233959
233960
234877
235794
235795
235793
235791
235792
235799
235800
235798
235796
235797
235790
235783
235784
235782
235780
235781
235788
235789
235787
235785
235786
235815
235816
235814
235812
235813
235820
235821
235819
235817
235818
235811
235804
235805
235803
235801
235802
235809
235810
235808
235806
235807
235779
235751
235752
235750
235748
235749
235756
235757
235755
235753
235754
235747
235740
235741
235739
235737
235738
235745
235746
235744
235742
235743
235772
235773
235771
235769
235770
235777
235778
235776
235774
235775
235768
235761
235762
235760
235758
235759
235766
235767
235765
235763
235764
235822
235880
235881
235879
235877
235878
235885
235886
235884
235882
235883
235876
235869
235870
235868
235866
235867
235874
235875
235873
235871
235872
235901
235902
235900
235898
235899
235906
235907
235905
235903
235904
235897
235890
235891
235889
235887
235888
235895
235896
235894
235892
235893
235865
235837
235838
235836
235834
235835
235842
235843
235841
235839
235840
235833
235826
235827
235825
235823
235824
235831
235832
235830
235828
235829
235858
235859
235857
235855
235856
235863
235864
235862
235860
235861
235854
235847
235848
235846
235844
235845
235852
235853
235851
235849
235850
235736
235622
235623
235621
235619
235620
235627
235628
235626
235624
235625
235618
235611
235612
235610
235608
235609
235616
235617
235615
235613
235614
235643
235644
235642
235640
235641
235648
235649
235647
235645
235646
235639
235632
235633
235631
235629
235630
235637
235638
235636
235634
235635
235607
235579
235580
235578
235576
235577
235584
235585
235583
235581
235582
235575
235568
235569
235567
235565
235566
235573
235574
235572
235570
235571
235600
235601
235599
235597
235598
235605
235606
235604
235602
235603
235596
235589
235590
235588
235586
235587
235594
235595
235593
235591
235592
235650
235708
235709
235707
235705
235706
235713
235714
235712
235710
235711
235704
235697
235698
235696
235694
235695
235702
235703
235701
235699
235700
235729
235730
235728
235726
235727
235734
235735
235733
235731
235732
235725
235718
235719
235717
235715
235716
235723
235724
235722
235720
235721
235693
235665
235666
235664
235662
235663
235670
235671
235669
235667
235668
235661
235654
235655
235653
235651
235652
235659
235660
235658
235656
235657
235686
235687
235685
235683
235684
235691
235692
235690
235688
235689
235682
235675
235676
235674
235672
235673
235680
235681
235679
235677
235678
236137
236138
236136
236134
236135
236142
236143
236141
236139
236140
236133
236126
236127
236125
236123
236124
236131
236132
236130
236128
236129
236158
236159
236157
236155
236156
236163
236164
236162
236160
236161
236154
236147
236148
236146
236144
236145
236152
236153
236151
236149
236150
236122
236094
236095
236093
236091
236092
236099
236100
236098
236096
236097
236090
236083
236084
236082
236080
236081
236088
236089
236087
236085
236086
236115
236116
236114
236112
236113
236120
236121
236119
236117
236118
236111
236104
236105
236103
236101
236102
236109
236110
236108
236106
236107
236165
236223
236224
236222
236220
236221
236228
236229
236227
236225
236226
236219
236212
236213
236211
236209
236210
236217
236218
236216
236214
236215
236244
236245
236243
236241
236242
236249
236250
236248
236246
236247
236240
236233
236234
236232
236230
236231
236238
236239
236237
236235
236236
236208
236180
236181
236179
236177
236178
236185
236186
236184
236182
236183
236176
236169
236170
236168
236166
236167
236174
236175
236173
236171
236172
236201
236202
236200
236198
236199
236206
236207
236205
236203
236204
236197
236190
236191
236189
236187
236188
236195
236196
236194
236192
236193
236079
235965
235966
235964
235962
235963
235970
235971
235969
235967
235968
235961
235954
235955
235953
235951
235952
235959
235960
235958
235956
235957
235986
235987
235985
235983
235984
235991
235992
235990
235988
235989
235982
235975
235976
235974
235972
235973
235980
235981
235979
235977
235978
235950
235922
235923
235921
235919
235920
235927
235928
235926
235924
235925
235918
235911
235912
235910
235908
235909
235916
235917
235915
235913
235914
235943
235944
235942
235940
235941
235948
235949
235947
235945
235946
235939
235932
235933
235931
235929
235930
235937
235938
235936
235934
235935
235993
236051
236052
236050
236048
236049
236056
236057
236055
236053
236054
236047
236040
236041
236039
236037
236038
236045
236046
236044
236042
236043
236072
236073
236071
236069
236070
236077
236078
236076
236074
236075
236068
236061
236062
236060
236058
236059
236066
236067
236065
236063
236064
236036
236008
236009
236007
236005
236006
236013
236014
236012
236010
236011
236004
235997
235998
235996
235994
235995
236002
236003
236001
235999
236000
236029
236030
236028
236026
236027
236034
236035
236033
236031
236032
236025
236018
236019
236017
236015
236016
236023
236024
236022
236020
236021
235564
235107
235108
235106
235104
235105
235112
235113
235111
235109
235110
235103
235096
235097
235095
235093
235094
235101
235102
235100
235098
235099
235128
235129
235127
235125
235126
235133
235134
235132
235130
235131
235124
235117
235118
235116
235114
235115
235122
235123
235121
235119
235120
235092
235064
235065
235063
235061
235062
235069
235070
235068
235066
235067
235060
235053
235054
235052
235050
235051
235058
235059
235057
235055
235056
235085
235086
235084
235082
235083
235090
235091
235089
235087
235088
235081
235074
235075
235073
235071
235072
235079
235080
235078
235076
235077
235135
235193
235194
235192
235190
235191
235198
235199
235197
235195
235196
235189
235182
235183
235181
235179
235180
235187
235188
235186
235184
235185
235214
235215
235213
235211
235212
235219
235220
235218
235216
235217
235210
235203
235204
235202
235200
235201
235208
235209
235207
235205
235206
235178
235150
235151
235149
235147
235148
235155
235156
235154
235152
235153
235146
235139
235140
235138
235136
235137
235144
235145
235143
235141
235142
235171
235172
235170
235168
235169
235176
235177
235175
235173
235174
235167
235160
235161
235159
235157
235158
235165
235166
235164
235162
235163
235049
234935
234936
234934
234932
234933
234940
234941
234939
234937
234938
234931
234924
234925
234923
234921
234922
234929
234930
234928
234926
234927
234956
234957
234955
234953
234954
234961
234962
234960
234958
234959
234952
234945
234946
234944
234942
234943
234950
234951
234949
234947
234948
234920
234892
234893
234891
234889
234890
234897
234898
234896
234894
234895
234888
234881
234882
234880
234878
234879
234886
234887
234885
234883
234884
234913
234914
234912
234910
234911
234918
234919
234917
234915
234916
234909
234902
234903
234901
234899
234900
234907
234908
234906
234904
234905
234963
235021
235022
235020
235018
235019
235026
235027
235025
235023
235024
235017
235010
235011
235009
235007
235008
235015
235016
235014
235012
235013
235042
235043
235041
235039
235040
235047
235048
235046
235044
235045
235038
235031
235032
235030
235028
235029
235036
235037
235035
235033
235034
235006
234978
234979
234977
234975
234976
234983
234984
234982
234980
234981
234974
234967
234968
234966
234964
234965
234972
234973
234971
234969
234970
234999
235000
234998
234996
234997
235004
235005
235003
235001
235002
234995
234988
234989
234987
234985
234986
234993
234994
234992
234990
234991
235450
235451
235449
235447
235448
235455
235456
235454
235452
235453
235446
235439
235440
235438
235436
235437
235444
235445
235443
235441
235442
235471
235472
235470
235468
235469
235476
235477
235475
235473
235474
235467
235460
235461
235459
235457
235458
235465
235466
235464
235462
235463
235435
235407
235408
235406
235404
235405
235412
235413
235411
235409
235410
235403
235396
235397
235395
235393
235394
235401
235402
235400
235398
235399
235428
235429
235427
235425
235426
235433
235434
235432
235430
235431
235424
235417
235418
235416
235414
235415
235422
235423
235421
235419
235420
235478
235536
235537
235535
235533
235534
235541
235542
235540
235538
235539
235532
235525
235526
235524
235522
235523
235530
235531
235529
235527
235528
235557
235558
235556
235554
235555
235562
235563
235561
235559
235560
235553
235546
235547
235545
235543
235544
235551
235552
235550
235548
235549
235521
235493
235494
235492
235490
235491
235498
235499
235497
235495
235496
235489
235482
235483
235481
235479
235480
235487
235488
235486
235484
235485
235514
235515
235513
235511
235512
235519
235520
235518
235516
235517
235510
235503
235504
235502
235500
235501
235508
235509
235507
235505
235506
235392
235278
235279
235277
235275
235276
235283
235284
235282
235280
235281
235274
235267
235268
235266
235264
235265
235272
235273
235271
235269
235270
235299
235300
235298
235296
235297
235304
235305
235303
235301
235302
235295
235288
235289
235287
235285
235286
235293
235294
235292
235290
235291
235263
235235
235236
235234
235232
235233
235240
235241
235239
235237
235238
235231
235224
235225
235223
235221
235222
235229
235230
235228
235226
235227
235256
235257
235255
235253
235254
235261
235262
235260
235258
235259
235252
235245
235246
235244
235242
235243
235250
235251
235249
235247
235248
235306
235364
235365
235363
235361
235362
235369
235370
235368
235366
235367
235360
235353
235354
235352
235350
235351
235358
235359
235357
235355
235356
235385
235386
235384
235382
235383
235390
235391
235389
235387
235388
235381
235374
235375
235373
235371
235372
235379
235380
235378
235376
235377
235349
235321
235322
235320
235318
235319
235326
235327
235325
235323
235324
235317
235310
235311
235309
235307
235308
235315
235316
235314
235312
235313
235342
235343
235341
235339
235340
235347
235348
235346
235344
235345
235338
235331
235332
235330
235328
235329
235336
235337
235335
235333
235334
231673
231674
231672
231670
231671
231678
231679
231677
231675
231676
231669
231662
231663
231661
231659
231660
231667
231668
231666
231664
231665
231694
231695
231693
231691
231692
231699
231700
231698
231696
231697
231690
231683
231684
231682
231680
231681
231688
231689
231687
231685
231686
231658
231630
231631
231629
231627
231628
231635
231636
231634
231632
231633
231626
231619
231620
231618
231616
231617
231624
231625
231623
231621
231622
231651
231652
231650
231648
231649
231656
231657
231655
231653
231654
231647
231640
231641
231639
231637
231638
231645
231646
231644
231642
231643
231701
231759
231760
231758
231756
231757
231764
231765
231763
231761
231762
231755
231748
231749
231747
231745
231746
231753
231754
231752
231750
231751
231780
231781
231779
231777
231778
231785
231786
231784
231782
231783
231776
231769
231770
231768
231766
231767
231774
231775
231773
231771
231772
231744
231716
231717
231715
231713
231714
231721
231722
231720
231718
231719
231712
231705
231706
231704
231702
231703
231710
231711
231709
231707
231708
231737
231738
231736
231734
231735
231742
231743
231741
231739
231740
231733
231726
231727
231725
231723
231724
231731
231732
231730
231728
231729
231615
231501
231502
231500
231498
231499
231506
231507
231505
231503
231504
231497
231490
231491
231489
231487
231488
231495
231496
231494
231492
231493
231522
231523
231521
231519
231520
231527
231528
231526
231524
231525
231518
231511
231512
231510
231508
231509
231516
231517
231515
231513
231514
231486
231458
231459
231457
231455
231456
231463
231464
231462
231460
231461
231454
231447
231448
231446
231444
231445
231452
231453
231451
231449
231450
231479
231480
231478
231476
231477
231484
231485
231483
231481
231482
231475
231468
231469
231467
231465
231466
231473
231474
231472
231470
231471
231529
231587
231588
231586
231584
231585
231592
231593
231591
231589
231590
231583
231576
231577
231575
231573
231574
231581
231582
231580
231578
231579
231608
231609
231607
231605
231606
231613
231614
231612
231610
231611
231604
231597
231598
231596
231594
231595
231602
231603
231601
231599
231600
231572
231544
231545
231543
231541
231542
231549
231550
231548
231546
231547
231540
231533
231534
231532
231530
231531
231538
231539
231537
231535
231536
231565
231566
231564
231562
231563
231570
231571
231569
231567
231568
231561
231554
231555
231553
231551
231552
231559
231560
231558
231556
231557
232016
232017
232015
232013
232014
232021
232022
232020
232018
232019
232012
232005
232006
232004
232002
232003
232010
232011
232009
232007
232008
232037
232038
232036
232034
232035
232042
232043
232041
232039
232040
232033
232026
232027
232025
232023
232024
232031
232032
232030
232028
232029
232001
231973
231974
231972
231970
231971
231978
231979
231977
231975
231976
231969
231962
231963
231961
231959
231960
231967
231968
231966
231964
231965
231994
231995
231993
231991
231992
231999
232000
231998
231996
231997
231990
231983
231984
231982
231980
231981
231988
231989
231987
231985
231986
232044
232102
232103
232101
232099
232100
232107
232108
232106
232104
232105
232098
232091
232092
232090
232088
232089
232096
232097
232095
232093
232094
232123
232124
232122
232120
232121
232128
232129
232127
232125
232126
232119
232112
232113
232111
232109
232110
232117
232118
232116
232114
232115
232087
232059
232060
232058
232056
232057
232064
232065
232063
232061
232062
232055
232048
232049
232047
232045
232046
232053
232054
232052
232050
232051
232080
232081
232079
232077
232078
232085
232086
232084
232082
232083
232076
232069
232070
232068
232066
232067
232074
232075
232073
232071
232072
231958
231844
231845
231843
231841
231842
231849
231850
231848
231846
231847
231840
231833
231834
231832
231830
231831
231838
231839
231837
231835
231836
231865
231866
231864
231862
231863
231870
231871
231869
231867
231868
231861
231854
231855
231853
231851
231852
231859
231860
231858
231856
231857
231829
231801
231802
231800
231798
231799
231806
231807
231805
231803
231804
231797
231790
231791
231789
231787
231788
231795
231796
231794
231792
231793
231822
231823
231821
231819
231820
231827
231828
231826
231824
231825
231818
231811
231812
231810
231808
231809
231816
231817
231815
231813
231814
231872
231930
231931
231929
231927
231928
231935
231936
231934
231932
231933
231926
231919
231920
231918
231916
231917
231924
231925
231923
231921
231922
231951
231952
231950
231948
231949
231956
231957
231955
231953
231954
231947
231940
231941
231939
231937
231938
231945
231946
231944
231942
231943
231915
231887
231888
231886
231884
231885
231892
231893
231891
231889
231890
231883
231876
231877
231875
231873
231874
231881
231882
231880
231878
231879
231908
231909
231907
231905
231906
231913
231914
231912
231910
231911
231904
231897
231898
231896
231894
231895
231902
231903
231901
231899
231900
231443
230986
230987
230985
230983
230984
230991
230992
230990
230988
230989
230982
230975
230976
230974
230972
230973
230980
230981
230979
230977
230978
231007
231008
231006
231004
231005
231012
231013
231011
231009
231010
231003
230996
230997
230995
230993
230994
231001
231002
231000
230998
230999
230971
230943
230944
230942
230940
230941
230948
230949
230947
230945
230946
230939
230932
230933
230931
230929
230930
230937
230938
230936
230934
230935
230964
230965
230963
230961
230962
230969
230970
230968
230966
230967
230960
230953
230954
230952
230950
230951
230958
230959
230957
230955
230956
231014
231072
231073
231071
231069
231070
231077
231078
231076
231074
231075
231068
231061
231062
231060
231058
231059
231066
231067
231065
231063
231064
231093
231094
231092
231090
231091
231098
231099
231097
231095
231096
231089
231082
231083
231081
231079
231080
231087
231088
231086
231084
231085
231057
231029
231030
231028
231026
231027
231034
231035
231033
231031
231032
231025
231018
231019
231017
231015
231016
231023
231024
231022
231020
231021
231050
231051
231049
231047
231048
231055
231056
231054
231052
231053
231046
231039
231040
231038
231036
231037
231044
231045
231043
231041
231042
230928
230814
230815
230813
230811
230812
230819
230820
230818
230816
230817
230810
230803
230804
230802
230800
230801
230808
230809
230807
230805
230806
230835
230836
230834
230832
230833
230840
230841
230839
230837
230838
230831
230824
230825
230823
230821
230822
230829
230830
230828
230826
230827
230799
230771
230772
230770
230768
230769
230776
230777
230775
230773
230774
230767
230760
230761
230759
230757
230758
230765
230766
230764
230762
230763
230792
230793
230791
230789
230790
230797
230798
230796
230794
230795
230788
230781
230782
230780
230778
230779
230786
230787
230785
230783
230784
230842
230900
230901
230899
230897
230898
230905
230906
230904
230902
230903
230896
230889
230890
230888
230886
230887
230894
230895
230893
230891
230892
230921
230922
230920
230918
230919
230926
230927
230925
230923
230924
230917
230910
230911
230909
230907
230908
230915
230916
230914
230912
230913
230885
230857
230858
230856
230854
230855
230862
230863
230861
230859
230860
230853
230846
230847
230845
230843
230844
230851
230852
230850
230848
230849
230878
230879
230877
230875
230876
230883
230884
230882
230880
230881
230874
230867
230868
230866
230864
230865
230872
230873
230871
230869
230870
231329
231330
231328
231326
231327
231334
231335
231333
231331
231332
231325
231318
231319
231317
231315
231316
231323
231324
231322
231320
231321
231350
231351
231349
231347
231348
231355
231356
231354
231352
231353
231346
231339
231340
231338
231336
231337
231344
231345
231343
231341
231342
231314
231286
231287
231285
231283
231284
231291
231292
231290
231288
231289
231282
231275
231276
231274
231272
231273
231280
231281
231279
231277
231278
231307
231308
231306
231304
231305
231312
231313
231311
231309
231310
231303
231296
231297
231295
231293
231294
231301
231302
231300
231298
231299
231357
231415
231416
231414
231412
231413
231420
231421
231419
231417
231418
231411
231404
231405
231403
231401
231402
231409
231410
231408
231406
231407
231436
231437
231435
231433
231434
231441
231442
231440
231438
231439
231432
231425
231426
231424
231422
231423
231430
231431
231429
231427
231428
231400
231372
231373
231371
231369
231370
231377
231378
231376
231374
231375
231368
231361
231362
231360
231358
231359
231366
231367
231365
231363
231364
231393
231394
231392
231390
231391
231398
231399
231397
231395
231396
231389
231382
231383
231381
231379
231380
231387
231388
231386
231384
231385
231271
231157
231158
231156
231154
231155
231162
231163
231161
231159
231160
231153
231146
231147
231145
231143
231144
231151
231152
231150
231148
231149
231178
231179
231177
231175
231176
231183
231184
231182
231180
231181
231174
231167
231168
231166
231164
231165
231172
231173
231171
231169
231170
231142
231114
231115
231113
231111
231112
231119
231120
231118
231116
231117
231110
231103
231104
231102
231100
231101
231108
231109
231107
231105
231106
231135
231136
231134
231132
231133
231140
231141
231139
231137
231138
231131
231124
231125
231123
231121
231122
231129
231130
231128
231126
231127
231185
231243
231244
231242
231240
231241
231248
231249
231247
231245
231246
231239
231232
231233
231231
231229
231230
231237
231238
231236
231234
231235
231264
231265
231263
231261
231262
231269
231270
231268
231266
231267
231260
231253
231254
231252
231250
231251
231258
231259
231257
231255
231256
231228
231200
231201
231199
231197
231198
231205
231206
231204
231202
231203
231196
231189
231190
231188
231186
231187
231194
231195
231193
231191
231192
231221
231222
231220
231218
231219
231226
231227
231225
231223
231224
231217
231210
231211
231209
231207
231208
231215
231216
231214
231212
231213
232130
233047
233048
233046
233044
233045
233052
233053
233051
233049
233050
233043
233036
233037
233035
233033
233034
233041
233042
233040
233038
233039
233068
233069
233067
233065
233066
233073
233074
233072
233070
233071
233064
233057
233058
233056
233054
233055
233062
233063
233061
233059
233060
233032
233004
233005
233003
233001
233002
233009
233010
233008
233006
233007
233000
232993
232994
232992
232990
232991
232998
232999
232997
232995
232996
233025
233026
233024
233022
233023
233030
233031
233029
233027
233028
233021
233014
233015
233013
233011
233012
233019
233020
233018
233016
233017
233075
233133
233134
233132
233130
233131
233138
233139
233137
233135
233136
233129
233122
233123
233121
233119
233120
233127
233128
233126
233124
233125
233154
233155
233153
233151
233152
233159
233160
233158
233156
233157
233150
233143
233144
233142
233140
233141
233148
233149
233147
233145
233146
233118
233090
233091
233089
233087
233088
233095
233096
233094
233092
233093
233086
233079
233080
233078
233076
233077
233084
233085
233083
233081
233082
233111
233112
233110
233108
233109
233116
233117
233115
233113
233114
233107
233100
233101
233099
233097
233098
233105
233106
233104
233102
233103
232989
232875
232876
232874
232872
232873
232880
232881
232879
232877
232878
232871
232864
232865
232863
232861
232862
232869
232870
232868
232866
232867
232896
232897
232895
232893
232894
232901
232902
232900
232898
232899
232892
232885
232886
232884
232882
232883
232890
232891
232889
232887
232888
232860
232832
232833
232831
232829
232830
232837
232838
232836
232834
232835
232828
232821
232822
232820
232818
232819
232826
232827
232825
232823
232824
232853
232854
232852
232850
232851
232858
232859
232857
232855
232856
232849
232842
232843
232841
232839
232840
232847
232848
232846
232844
232845
232903
232961
232962
232960
232958
232959
232966
232967
232965
232963
232964
232957
232950
232951
232949
232947
232948
232955
232956
232954
232952
232953
232982
232983
232981
232979
232980
232987
232988
232986
232984
232985
232978
232971
232972
232970
232968
232969
232976
232977
232975
232973
232974
232946
232918
232919
232917
232915
232916
232923
232924
232922
232920
232921
232914
232907
232908
232906
232904
232905
232912
232913
232911
232909
232910
232939
232940
232938
232936
232937
232944
232945
232943
232941
232942
232935
232928
232929
232927
232925
232926
232933
232934
232932
232930
232931
233390
233391
233389
233387
233388
233395
233396
233394
233392
233393
233386
233379
233380
233378
233376
233377
233384
233385
233383
233381
233382
233411
233412
233410
233408
233409
233416
233417
233415
233413
233414
233407
233400
233401
233399
233397
233398
233405
233406
233404
233402
233403
233375
233347
233348
233346
233344
233345
233352
233353
233351
233349
233350
233343
233336
233337
233335
233333
233334
233341
233342
233340
233338
233339
233368
233369
233367
233365
233366
233373
233374
233372
233370
233371
233364
233357
233358
233356
233354
233355
233362
233363
233361
233359
233360
233418
233476
233477
233475
233473
233474
233481
233482
233480
233478
233479
233472
233465
233466
233464
233462
233463
233470
233471
233469
233467
233468
233497
233498
233496
233494
233495
233502
233503
233501
233499
233500
233493
233486
233487
233485
233483
233484
233491
233492
233490
233488
233489
233461
233433
233434
233432
233430
233431
233438
233439
233437
233435
233436
233429
233422
233423
233421
233419
233420
233427
233428
233426
233424
233425
233454
233455
233453
233451
233452
233459
233460
233458
233456
233457
233450
233443
233444
233442
233440
233441
233448
233449
233447
233445
233446
233332
233218
233219
233217
233215
233216
233223
233224
233222
233220
233221
233214
233207
233208
233206
233204
233205
233212
233213
233211
233209
233210
233239
233240
233238
233236
233237
233244
233245
233243
233241
233242
233235
233228
233229
233227
233225
233226
233233
233234
233232
233230
233231
233203
233175
233176
233174
233172
233173
233180
233181
233179
233177
233178
233171
233164
233165
233163
233161
233162
233169
233170
233168
233166
233167
233196
233197
233195
233193
233194
233201
233202
233200
233198
233199
233192
233185
233186
233184
233182
233183
233190
233191
233189
233187
233188
233246
233304
233305
233303
233301
233302
233309
233310
233308
233306
233307
233300
233293
233294
233292
233290
233291
233298
233299
233297
233295
233296
233325
233326
233324
233322
233323
233330
233331
233329
233327
233328
233321
233314
233315
233313
233311
233312
233319
233320
233318
233316
233317
233289
233261
233262
233260
233258
233259
233266
233267
233265
233263
233264
233257
233250
233251
233249
233247
233248
233255
233256
233254
233252
233253
233282
233283
233281
233279
233280
233287
233288
233286
233284
233285
233278
233271
233272
233270
233268
233269
233276
233277
233275
233273
233274
232817
232360
232361
232359
232357
232358
232365
232366
232364
232362
232363
232356
232349
232350
232348
232346
232347
232354
232355
232353
232351
232352
232381
232382
232380
232378
232379
232386
232387
232385
232383
232384
232377
232370
232371
232369
232367
232368
232375
232376
232374
232372
232373
232345
232317
232318
232316
232314
232315
232322
232323
232321
232319
232320
232313
232306
232307
232305
232303
232304
232311
232312
232310
232308
232309
232338
232339
232337
232335
232336
232343
232344
232342
232340
232341
232334
232327
232328
232326
232324
232325
232332
232333
232331
232329
232330
232388
232446
232447
232445
232443
232444
232451
232452
232450
232448
232449
232442
232435
232436
232434
232432
232433
232440
232441
232439
232437
232438
232467
232468
232466
232464
232465
232472
232473
232471
232469
232470
232463
232456
232457
232455
232453
232454
232461
232462
232460
232458
232459
232431
232403
232404
232402
232400
232401
232408
232409
232407
232405
232406
232399
232392
232393
232391
232389
232390
232397
232398
232396
232394
232395
232424
232425
232423
232421
232422
232429
232430
232428
232426
232427
232420
232413
232414
232412
232410
232411
232418
232419
232417
232415
232416
232302
232188
232189
232187
232185
232186
232193
232194
232192
232190
232191
232184
232177
232178
232176
232174
232175
232182
232183
232181
232179
232180
232209
232210
232208
232206
232207
232214
232215
232213
232211
232212
232205
232198
232199
232197
232195
232196
232203
232204
232202
232200
232201
232173
232145
232146
232144
232142
232143
232150
232151
232149
232147
232148
232141
232134
232135
232133
232131
232132
232139
232140
232138
232136
232137
232166
232167
232165
232163
232164
232171
232172
232170
232168
232169
232162
232155
232156
232154
232152
232153
232160
232161
232159
232157
232158
232216
232274
232275
232273
232271
232272
232279
232280
232278
232276
232277
232270
232263
232264
232262
232260
232261
232268
232269
232267
232265
232266
232295
232296
232294
232292
232293
232300
232301
232299
232297
232298
232291
232284
232285
232283
232281
232282
232289
232290
232288
232286
232287
232259
232231
232232
232230
232228
232229
232236
232237
232235
232233
232234
232227
232220
232221
232219
232217
232218
232225
232226
232224
232222
232223
232252
232253
232251
232249
232250
232257
232258
232256
232254
232255
232248
232241
232242
232240
232238
232239
232246
232247
232245
232243
232244
232703
232704
232702
232700
232701
232708
232709
232707
232705
232706
232699
232692
232693
232691
232689
232690
232697
232698
232696
232694
232695
232724
232725
232723
232721
232722
232729
232730
232728
232726
232727
232720
232713
232714
232712
232710
232711
232718
232719
232717
232715
232716
232688
232660
232661
232659
232657
232658
232665
232666
232664
232662
232663
232656
232649
232650
232648
232646
232647
232654
232655
232653
232651
232652
232681
232682
232680
232678
232679
232686
232687
232685
232683
232684
232677
232670
232671
232669
232667
232668
232675
232676
232674
232672
232673
232731
232789
232790
232788
232786
232787
232794
232795
232793
232791
232792
232785
232778
232779
232777
232775
232776
232783
232784
232782
232780
232781
232810
232811
232809
232807
232808
232815
232816
232814
232812
232813
232806
232799
232800
232798
232796
232797
232804
232805
232803
232801
232802
232774
232746
232747
232745
232743
232744
232751
232752
232750
232748
232749
232742
232735
232736
232734
232732
232733
232740
232741
232739
232737
232738
232767
232768
232766
232764
232765
232772
232773
232771
232769
232770
232763
232756
232757
232755
232753
232754
232761
232762
232760
232758
232759
232645
232531
232532
232530
232528
232529
232536
232537
232535
232533
232534
232527
232520
232521
232519
232517
232518
232525
232526
232524
232522
232523
232552
232553
232551
232549
232550
232557
232558
232556
232554
232555
232548
232541
232542
232540
232538
232539
232546
232547
232545
232543
232544
232516
232488
232489
232487
232485
232486
232493
232494
232492
232490
232491
232484
232477
232478
232476
232474
232475
232482
232483
232481
232479
232480
232509
232510
232508
232506
232507
232514
232515
232513
232511
232512
232505
232498
232499
232497
232495
232496
232503
232504
232502
232500
232501
232559
232617
232618
232616
232614
232615
232622
232623
232621
232619
232620
232613
232606
232607
232605
232603
232604
232611
232612
232610
232608
232609
232638
232639
232637
232635
232636
232643
232644
232642
232640
232641
232634
232627
232628
232626
232624
232625
232632
232633
232631
232629
232630
232602
232574
232575
232573
232571
232572
232579
232580
232578
232576
232577
232570
232563
232564
232562
232560
232561
232568
232569
232567
232565
232566
232595
232596
232594
232592
232593
232600
232601
232599
232597
232598
232591
232584
232585
232583
232581
232582
232589
232590
232588
232586
232587
239914
239915
239913
239911
239912
239919
239920
239918
239916
239917
239910
239903
239904
239902
239900
239901
239908
239909
239907
239905
239906
239935
239936
239934
239932
239933
239940
239941
239939
239937
239938
239931
239924
239925
239923
239921
239922
239929
239930
239928
239926
239927
239899
239871
239872
239870
239868
239869
239876
239877
239875
239873
239874
239867
239860
239861
239859
239857
239858
239865
239866
239864
239862
239863
239892
239893
239891
239889
239890
239897
239898
239896
239894
239895
239888
239881
239882
239880
239878
239879
239886
239887
239885
239883
239884
239942
240000
240001
239999
239997
239998
240005
240006
240004
240002
240003
239996
239989
239990
239988
239986
239987
239994
239995
239993
239991
239992
240021
240022
240020
240018
240019
240026
240027
240025
240023
240024
240017
240010
240011
240009
240007
240008
240015
240016
240014
240012
240013
239985
239957
239958
239956
239954
239955
239962
239963
239961
239959
239960
239953
239946
239947
239945
239943
239944
239951
239952
239950
239948
239949
239978
239979
239977
239975
239976
239983
239984
239982
239980
239981
239974
239967
239968
239966
239964
239965
239972
239973
239971
239969
239970
239856
239742
239743
239741
239739
239740
239747
239748
239746
239744
239745
239738
239731
239732
239730
239728
239729
239736
239737
239735
239733
239734
239763
239764
239762
239760
239761
239768
239769
239767
239765
239766
239759
239752
239753
239751
239749
239750
239757
239758
239756
239754
239755
239727
239699
239700
239698
239696
239697
239704
239705
239703
239701
239702
239695
239688
239689
239687
239685
239686
239693
239694
239692
239690
239691
239720
239721
239719
239717
239718
239725
239726
239724
239722
239723
239716
239709
239710
239708
239706
239707
239714
239715
239713
239711
239712
239770
239828
239829
239827
239825
239826
239833
239834
239832
239830
239831
239824
239817
239818
239816
239814
239815
239822
239823
239821
239819
239820
239849
239850
239848
239846
239847
239854
239855
239853
239851
239852
239845
239838
239839
239837
239835
239836
239843
239844
239842
239840
239841
239813
239785
239786
239784
239782
239783
239790
239791
239789
239787
239788
239781
239774
239775
239773
239771
239772
239779
239780
239778
239776
239777
239806
239807
239805
239803
239804
239811
239812
239810
239808
239809
239802
239795
239796
239794
239792
239793
239800
239801
239799
239797
239798
240257
240258
240256
240254
240255
240262
240263
240261
240259
240260
240253
240246
240247
240245
240243
240244
240251
240252
240250
240248
240249
240278
240279
240277
240275
240276
240283
240284
240282
240280
240281
240274
240267
240268
240266
240264
240265
240272
240273
240271
240269
240270
240242
240214
240215
240213
240211
240212
240219
240220
240218
240216
240217
240210
240203
240204
240202
240200
240201
240208
240209
240207
240205
240206
240235
240236
240234
240232
240233
240240
240241
240239
240237
240238
240231
240224
240225
240223
240221
240222
240229
240230
240228
240226
240227
240285
240343
240344
240342
240340
240341
240348
240349
240347
240345
240346
240339
240332
240333
240331
240329
240330
240337
240338
240336
240334
240335
240364
240365
240363
240361
240362
240369
240370
240368
240366
240367
240360
240353
240354
240352
240350
240351
240358
240359
240357
240355
240356
240328
240300
240301
240299
240297
240298
240305
240306
240304
240302
240303
240296
240289
240290
240288
240286
240287
240294
240295
240293
240291
240292
240321
240322
240320
240318
240319
240326
240327
240325
240323
240324
240317
240310
240311
240309
240307
240308
240315
240316
240314
240312
240313
240199
240085
240086
240084
240082
240083
240090
240091
240089
240087
240088
240081
240074
240075
240073
240071
240072
240079
240080
240078
240076
240077
240106
240107
240105
240103
240104
240111
240112
240110
240108
240109
240102
240095
240096
240094
240092
240093
240100
240101
240099
240097
240098
240070
240042
240043
240041
240039
240040
240047
240048
240046
240044
240045
240038
240031
240032
240030
240028
240029
240036
240037
240035
240033
240034
240063
240064
240062
240060
240061
240068
240069
240067
240065
240066
240059
240052
240053
240051
240049
240050
240057
240058
240056
240054
240055
240113
240171
240172
240170
240168
240169
240176
240177
240175
240173
240174
240167
240160
240161
240159
240157
240158
240165
240166
240164
240162
240163
240192
240193
240191
240189
240190
240197
240198
240196
240194
240195
240188
240181
240182
240180
240178
240179
240186
240187
240185
240183
240184
240156
240128
240129
240127
240125
240126
240133
240134
240132
240130
240131
240124
240117
240118
240116
240114
240115
240122
240123
240121
240119
240120
240149
240150
240148
240146
240147
240154
240155
240153
240151
240152
240145
240138
240139
240137
240135
240136
240143
240144
240142
240140
240141
239684
239227
239228
239226
239224
239225
239232
239233
239231
239229
239230
239223
239216
239217
239215
239213
239214
239221
239222
239220
239218
239219
239248
239249
239247
239245
239246
239253
239254
239252
239250
239251
239244
239237
239238
239236
239234
239235
239242
239243
239241
239239
239240
239212
239184
239185
239183
239181
239182
239189
239190
239188
239186
239187
239180
239173
239174
239172
239170
239171
239178
239179
239177
239175
239176
239205
239206
239204
239202
239203
239210
239211
239209
239207
239208
239201
239194
239195
239193
239191
239192
239199
239200
239198
239196
239197
239255
239313
239314
239312
239310
239311
239318
239319
239317
239315
239316
239309
239302
239303
239301
239299
239300
239307
239308
239306
239304
239305
239334
239335
239333
239331
239332
239339
239340
239338
239336
239337
239330
239323
239324
239322
239320
239321
239328
239329
239327
239325
239326
239298
239270
239271
239269
239267
239268
239275
239276
239274
239272
239273
239266
239259
239260
239258
239256
239257
239264
239265
239263
239261
239262
239291
239292
239290
239288
239289
239296
239297
239295
239293
239294
239287
239280
239281
239279
239277
239278
239285
239286
239284
239282
239283
239169
239055
239056
239054
239052
239053
239060
239061
239059
239057
239058
239051
239044
239045
239043
239041
239042
239049
239050
239048
239046
239047
239076
239077
239075
239073
239074
239081
239082
239080
239078
239079
239072
239065
239066
239064
239062
239063
239070
239071
239069
239067
239068
239040
239012
239013
239011
239009
239010
239017
239018
239016
239014
239015
239008
239001
239002
239000
238998
238999
239006
239007
239005
239003
239004
239033
239034
239032
239030
239031
239038
239039
239037
239035
239036
239029
239022
239023
239021
239019
239020
239027
239028
239026
239024
239025
239083
239141
239142
239140
239138
239139
239146
239147
239145
239143
239144
239137
239130
239131
239129
239127
239128
239135
239136
239134
239132
239133
239162
239163
239161
239159
239160
239167
239168
239166
239164
239165
239158
239151
239152
239150
239148
239149
239156
239157
239155
239153
239154
239126
239098
239099
239097
239095
239096
239103
239104
239102
239100
239101
239094
239087
239088
239086
239084
239085
239092
239093
239091
239089
239090
239119
239120
239118
239116
239117
239124
239125
239123
239121
239122
239115
239108
239109
239107
239105
239106
239113
239114
239112
239110
239111
239570
239571
239569
239567
239568
239575
239576
239574
239572
239573
239566
239559
239560
239558
239556
239557
239564
239565
239563
239561
239562
239591
239592
239590
239588
239589
239596
239597
239595
239593
239594
239587
239580
239581
239579
239577
239578
239585
239586
239584
239582
239583
239555
239527
239528
239526
239524
239525
239532
239533
239531
239529
239530
239523
239516
239517
239515
239513
239514
239521
239522
239520
239518
239519
239548
239549
239547
239545
239546
239553
239554
239552
239550
239551
239544
239537
239538
239536
239534
239535
239542
239543
239541
239539
239540
239598
239656
239657
239655
239653
239654
239661
239662
239660
239658
239659
239652
239645
239646
239644
239642
239643
239650
239651
239649
239647
239648
239677
239678
239676
239674
239675
239682
239683
239681
239679
239680
239673
239666
239667
239665
239663
239664
239671
239672
239670
239668
239669
239641
239613
239614
239612
239610
239611
239618
239619
239617
239615
239616
239609
239602
239603
239601
239599
239600
239607
239608
239606
239604
239605
239634
239635
239633
239631
239632
239639
239640
239638
239636
239637
239630
239623
239624
239622
239620
239621
239628
239629
239627
239625
239626
239512
239398
239399
239397
239395
239396
239403
239404
239402
239400
239401
239394
239387
239388
239386
239384
239385
239392
239393
239391
239389
239390
239419
239420
239418
239416
239417
239424
239425
239423
239421
239422
239415
239408
239409
239407
239405
239406
239413
239414
239412
239410
239411
239383
239355
239356
239354
239352
239353
239360
239361
239359
239357
239358
239351
239344
239345
239343
239341
239342
239349
239350
239348
239346
239347
239376
239377
239375
239373
239374
239381
239382
239380
239378
239379
239372
239365
239366
239364
239362
239363
239370
239371
239369
239367
239368
239426
239484
239485
239483
239481
239482
239489
239490
239488
239486
239487
239480
239473
239474
239472
239470
239471
239478
239479
239477
239475
239476
239505
239506
239504
239502
239503
239510
239511
239509
239507
239508
239501
239494
239495
239493
239491
239492
239499
239500
239498
239496
239497
239469
239441
239442
239440
239438
239439
239446
239447
239445
239443
239444
239437
239430
239431
239429
239427
239428
239435
239436
239434
239432
239433
239462
239463
239461
239459
239460
239467
239468
239466
239464
239465
239458
239451
239452
239450
239448
239449
239456
239457
239455
239453
239454
240371
241288
241289
241287
241285
241286
241293
241294
241292
241290
241291
241284
241277
241278
241276
241274
241275
241282
241283
241281
241279
241280
241309
241310
241308
241306
241307
241314
241315
241313
241311
241312
241305
241298
241299
241297
241295
241296
241303
241304
241302
241300
241301
241273
241245
241246
241244
241242
241243
241250
241251
241249
241247
241248
241241
241234
241235
241233
241231
241232
241239
241240
241238
241236
241237
241266
241267
241265
241263
241264
241271
241272
241270
241268
241269
241262
241255
241256
241254
241252
241253
241260
241261
241259
241257
241258
241316
241374
241375
241373
241371
241372
241379
241380
241378
241376
241377
241370
241363
241364
241362
241360
241361
241368
241369
241367
241365
241366
241395
241396
241394
241392
241393
241400
241401
241399
241397
241398
241391
241384
241385
241383
241381
241382
241389
241390
241388
241386
241387
241359
241331
241332
241330
241328
241329
241336
241337
241335
241333
241334
241327
241320
241321
241319
241317
241318
241325
241326
241324
241322
241323
241352
241353
241351
241349
241350
241357
241358
241356
241354
241355
241348
241341
241342
241340
241338
241339
241346
241347
241345
241343
241344
241230
241116
241117
241115
241113
241114
241121
241122
241120
241118
241119
241112
241105
241106
241104
241102
241103
241110
241111
241109
241107
241108
241137
241138
241136
241134
241135
241142
241143
241141
241139
241140
241133
241126
241127
241125
241123
241124
241131
241132
241130
241128
241129
241101
241073
241074
241072
241070
241071
241078
241079
241077
241075
241076
241069
241062
241063
241061
241059
241060
241067
241068
241066
241064
241065
241094
241095
241093
241091
241092
241099
241100
241098
241096
241097
241090
241083
241084
241082
241080
241081
241088
241089
241087
241085
241086
241144
241202
241203
241201
241199
241200
241207
241208
241206
241204
241205
241198
241191
241192
241190
241188
241189
241196
241197
241195
241193
241194
241223
241224
241222
241220
241221
241228
241229
241227
241225
241226
241219
241212
241213
241211
241209
241210
241217
241218
241216
241214
241215
241187
241159
241160
241158
241156
241157
241164
241165
241163
241161
241162
241155
241148
241149
241147
241145
241146
241153
241154
241152
241150
241151
241180
241181
241179
241177
241178
241185
241186
241184
241182
241183
241176
241169
241170
241168
241166
241167
241174
241175
241173
241171
241172
241631
241632
241630
241628
241629
241636
241637
241635
241633
241634
241627
241620
241621
241619
241617
241618
241625
241626
241624
241622
241623
241652
241653
241651
241649
241650
241657
241658
241656
241654
241655
241648
241641
241642
241640
241638
241639
241646
241647
241645
241643
241644
241616
241588
241589
241587
241585
241586
241593
241594
241592
241590
241591
241584
241577
241578
241576
241574
241575
241582
241583
241581
241579
241580
241609
241610
241608
241606
241607
241614
241615
241613
241611
241612
241605
241598
241599
241597
241595
241596
241603
241604
241602
241600
241601
241659
241717
241718
241716
241714
241715
241722
241723
241721
241719
241720
241713
241706
241707
241705
241703
241704
241711
241712
241710
241708
241709
241738
241739
241737
241735
241736
241743
241744
241742
241740
241741
241734
241727
241728
241726
241724
241725
241732
241733
241731
241729
241730
241702
241674
241675
241673
241671
241672
241679
241680
241678
241676
241677
241670
241663
241664
241662
241660
241661
241668
241669
241667
241665
241666
241695
241696
241694
241692
241693
241700
241701
241699
241697
241698
241691
241684
241685
241683
241681
241682
241689
241690
241688
241686
241687
241573
241459
241460
241458
241456
241457
241464
241465
241463
241461
241462
241455
241448
241449
241447
241445
241446
241453
241454
241452
241450
241451
241480
241481
241479
241477
241478
241485
241486
241484
241482
241483
241476
241469
241470
241468
241466
241467
241474
241475
241473
241471
241472
241444
241416
241417
241415
241413
241414
241421
241422
241420
241418
241419
241412
241405
241406
241404
241402
241403
241410
241411
241409
241407
241408
241437
241438
241436
241434
241435
241442
241443
241441
241439
241440
241433
241426
241427
241425
241423
241424
241431
241432
241430
241428
241429
241487
241545
241546
241544
241542
241543
241550
241551
241549
241547
241548
241541
241534
241535
241533
241531
241532
241539
241540
241538
241536
241537
241566
241567
241565
241563
241564
241571
241572
241570
241568
241569
241562
241555
241556
241554
241552
241553
241560
241561
241559
241557
241558
241530
241502
241503
241501
241499
241500
241507
241508
241506
241504
241505
241498
241491
241492
241490
241488
241489
241496
241497
241495
241493
241494
241523
241524
241522
241520
241521
241528
241529
241527
241525
241526
241519
241512
241513
241511
241509
241510
241517
241518
241516
241514
241515
241058
240601
240602
240600
240598
240599
240606
240607
240605
240603
240604
240597
240590
240591
240589
240587
240588
240595
240596
240594
240592
240593
240622
240623
240621
240619
240620
240627
240628
240626
240624
240625
240618
240611
240612
240610
240608
240609
240616
240617
240615
240613
240614
240586
240558
240559
240557
240555
240556
240563
240564
240562
240560
240561
240554
240547
240548
240546
240544
240545
240552
240553
240551
240549
240550
240579
240580
240578
240576
240577
240584
240585
240583
240581
240582
240575
240568
240569
240567
240565
240566
240573
240574
240572
240570
240571
240629
240687
240688
240686
240684
240685
240692
240693
240691
240689
240690
240683
240676
240677
240675
240673
240674
240681
240682
240680
240678
240679
240708
240709
240707
240705
240706
240713
240714
240712
240710
240711
240704
240697
240698
240696
240694
240695
240702
240703
240701
240699
240700
240672
240644
240645
240643
240641
240642
240649
240650
240648
240646
240647
240640
240633
240634
240632
240630
240631
240638
240639
240637
240635
240636
240665
240666
240664
240662
240663
240670
240671
240669
240667
240668
240661
240654
240655
240653
240651
240652
240659
240660
240658
240656
240657
240543
240429
240430
240428
240426
240427
240434
240435
240433
240431
240432
240425
240418
240419
240417
240415
240416
240423
240424
240422
240420
240421
240450
240451
240449
240447
240448
240455
240456
240454
240452
240453
240446
240439
240440
240438
240436
240437
240444
240445
240443
240441
240442
240414
240386
240387
240385
240383
240384
240391
240392
240390
240388
240389
240382
240375
240376
240374
240372
240373
240380
240381
240379
240377
240378
240407
240408
240406
240404
240405
240412
240413
240411
240409
240410
240403
240396
240397
240395
240393
240394
240401
240402
240400
240398
240399
240457
240515
240516
240514
240512
240513
240520
240521
240519
240517
240518
240511
240504
240505
240503
240501
240502
240509
240510
240508
240506
240507
240536
240537
240535
240533
240534
240541
240542
240540
240538
240539
240532
240525
240526
240524
240522
240523
240530
240531
240529
240527
240528
240500
240472
240473
240471
240469
240470
240477
240478
240476
240474
240475
240468
240461
240462
240460
240458
240459
240466
240467
240465
240463
240464
240493
240494
240492
240490
240491
240498
240499
240497
240495
240496
240489
240482
240483
240481
240479
240480
240487
240488
240486
240484
240485
240944
240945
240943
240941
240942
240949
240950
240948
240946
240947
240940
240933
240934
240932
240930
240931
240938
240939
240937
240935
240936
240965
240966
240964
240962
240963
240970
240971
240969
240967
240968
240961
240954
240955
240953
240951
240952
240959
240960
240958
240956
240957
240929
240901
240902
240900
240898
240899
240906
240907
240905
240903
240904
240897
240890
240891
240889
240887
240888
240895
240896
240894
240892
240893
240922
240923
240921
240919
240920
240927
240928
240926
240924
240925
240918
240911
240912
240910
240908
240909
240916
240917
240915
240913
240914
240972
241030
241031
241029
241027
241028
241035
241036
241034
241032
241033
241026
241019
241020
241018
241016
241017
241024
241025
241023
241021
241022
241051
241052
241050
241048
241049
241056
241057
241055
241053
241054
241047
241040
241041
241039
241037
241038
241045
241046
241044
241042
241043
241015
240987
240988
240986
240984
240985
240992
240993
240991
240989
240990
240983
240976
240977
240975
240973
240974
240981
240982
240980
240978
240979
241008
241009
241007
241005
241006
241013
241014
241012
241010
241011
241004
240997
240998
240996
240994
240995
241002
241003
241001
240999
241000
240886
240772
240773
240771
240769
240770
240777
240778
240776
240774
240775
240768
240761
240762
240760
240758
240759
240766
240767
240765
240763
240764
240793
240794
240792
240790
240791
240798
240799
240797
240795
240796
240789
240782
240783
240781
240779
240780
240787
240788
240786
240784
240785
240757
240729
240730
240728
240726
240727
240734
240735
240733
240731
240732
240725
240718
240719
240717
240715
240716
240723
240724
240722
240720
240721
240750
240751
240749
240747
240748
240755
240756
240754
240752
240753
240746
240739
240740
240738
240736
240737
240744
240745
240743
240741
240742
240800
240858
240859
240857
240855
240856
240863
240864
240862
240860
240861
240854
240847
240848
240846
240844
240845
240852
240853
240851
240849
240850
240879
240880
240878
240876
240877
240884
240885
240883
240881
240882
240875
240868
240869
240867
240865
240866
240873
240874
240872
240870
240871
240843
240815
240816
240814
240812
240813
240820
240821
240819
240817
240818
240811
240804
240805
240803
240801
240802
240809
240810
240808
240806
240807
240836
240837
240835
240833
240834
240841
240842
240840
240838
240839
240832
240825
240826
240824
240822
240823
240830
240831
240829
240827
240828
237167
237168
237166
237164
237165
237172
237173
237171
237169
237170
237163
237156
237157
237155
237153
237154
237161
237162
237160
237158
237159
237188
237189
237187
237185
237186
237193
237194
237192
237190
237191
237184
237177
237178
237176
237174
237175
237182
237183
237181
237179
237180
237152
237124
237125
237123
237121
237122
237129
237130
237128
237126
237127
237120
237113
237114
237112
237110
237111
237118
237119
237117
237115
237116
237145
237146
237144
237142
237143
237150
237151
237149
237147
237148
237141
237134
237135
237133
237131
237132
237139
237140
237138
237136
237137
237195
237253
237254
237252
237250
237251
237258
237259
237257
237255
237256
237249
237242
237243
237241
237239
237240
237247
237248
237246
237244
237245
237274
237275
237273
237271
237272
237279
237280
237278
237276
237277
237270
237263
237264
237262
237260
237261
237268
237269
237267
237265
237266
237238
237210
237211
237209
237207
237208
237215
237216
237214
237212
237213
237206
237199
237200
237198
237196
237197
237204
237205
237203
237201
237202
237231
237232
237230
237228
237229
237236
237237
237235
237233
237234
237227
237220
237221
237219
237217
237218
237225
237226
237224
237222
237223
237109
236995
236996
236994
236992
236993
237000
237001
236999
236997
236998
236991
236984
236985
236983
236981
236982
236989
236990
236988
236986
236987
237016
237017
237015
237013
237014
237021
237022
237020
237018
237019
237012
237005
237006
237004
237002
237003
237010
237011
237009
237007
237008
236980
236952
236953
236951
236949
236950
236957
236958
236956
236954
236955
236948
236941
236942
236940
236938
236939
236946
236947
236945
236943
236944
236973
236974
236972
236970
236971
236978
236979
236977
236975
236976
236969
236962
236963
236961
236959
236960
236967
236968
236966
236964
236965
237023
237081
237082
237080
237078
237079
237086
237087
237085
237083
237084
237077
237070
237071
237069
237067
237068
237075
237076
237074
237072
237073
237102
237103
237101
237099
237100
237107
237108
237106
237104
237105
237098
237091
237092
237090
237088
237089
237096
237097
237095
237093
237094
237066
237038
237039
237037
237035
237036
237043
237044
237042
237040
237041
237034
237027
237028
237026
237024
237025
237032
237033
237031
237029
237030
237059
237060
237058
237056
237057
237064
237065
237063
237061
237062
237055
237048
237049
237047
237045
237046
237053
237054
237052
237050
237051
237510
237511
237509
237507
237508
237515
237516
237514
237512
237513
237506
237499
237500
237498
237496
237497
237504
237505
237503
237501
237502
237531
237532
237530
237528
237529
237536
237537
237535
237533
237534
237527
237520
237521
237519
237517
237518
237525
237526
237524
237522
237523
237495
237467
237468
237466
237464
237465
237472
237473
237471
237469
237470
237463
237456
237457
237455
237453
237454
237461
237462
237460
237458
237459
237488
237489
237487
237485
237486
237493
237494
237492
237490
237491
237484
237477
237478
237476
237474
237475
237482
237483
237481
237479
237480
237538
237596
237597
237595
237593
237594
237601
237602
237600
237598
237599
237592
237585
237586
237584
237582
237583
237590
237591
237589
237587
237588
237617
237618
237616
237614
237615
237622
237623
237621
237619
237620
237613
237606
237607
237605
237603
237604
237611
237612
237610
237608
237609
237581
237553
237554
237552
237550
237551
237558
237559
237557
237555
237556
237549
237542
237543
237541
237539
237540
237547
237548
237546
237544
237545
237574
237575
237573
237571
237572
237579
237580
237578
237576
237577
237570
237563
237564
237562
237560
237561
237568
237569
237567
237565
237566
237452
237338
237339
237337
237335
237336
237343
237344
237342
237340
237341
237334
237327
237328
237326
237324
237325
237332
237333
237331
237329
237330
237359
237360
237358
237356
237357
237364
237365
237363
237361
237362
237355
237348
237349
237347
237345
237346
237353
237354
237352
237350
237351
237323
237295
237296
237294
237292
237293
237300
237301
237299
237297
237298
237291
237284
237285
237283
237281
237282
237289
237290
237288
237286
237287
237316
237317
237315
237313
237314
237321
237322
237320
237318
237319
237312
237305
237306
237304
237302
237303
237310
237311
237309
237307
237308
237366
237424
237425
237423
237421
237422
237429
237430
237428
237426
237427
237420
237413
237414
237412
237410
237411
237418
237419
237417
237415
237416
237445
237446
237444
237442
237443
237450
237451
237449
237447
237448
237441
237434
237435
237433
237431
237432
237439
237440
237438
237436
237437
237409
237381
237382
237380
237378
237379
237386
237387
237385
237383
237384
237377
237370
237371
237369
237367
237368
237375
237376
237374
237372
237373
237402
237403
237401
237399
237400
237407
237408
237406
237404
237405
237398
237391
237392
237390
237388
237389
237396
237397
237395
237393
237394
236937
236480
236481
236479
236477
236478
236485
236486
236484
236482
236483
236476
236469
236470
236468
236466
236467
236474
236475
236473
236471
236472
236501
236502
236500
236498
236499
236506
236507
236505
236503
236504
236497
236490
236491
236489
236487
236488
236495
236496
236494
236492
236493
236465
236437
236438
236436
236434
236435
236442
236443
236441
236439
236440
236433
236426
236427
236425
236423
236424
236431
236432
236430
236428
236429
236458
236459
236457
236455
236456
236463
236464
236462
236460
236461
236454
236447
236448
236446
236444
236445
236452
236453
236451
236449
236450
236508
236566
236567
236565
236563
236564
236571
236572
236570
236568
236569
236562
236555
236556
236554
236552
236553
236560
236561
236559
236557
236558
236587
236588
236586
236584
236585
236592
236593
236591
236589
236590
236583
236576
236577
236575
236573
236574
236581
236582
236580
236578
236579
236551
236523
236524
236522
236520
236521
236528
236529
236527
236525
236526
236519
236512
236513
236511
236509
236510
236517
236518
236516
236514
236515
236544
236545
236543
236541
236542
236549
236550
236548
236546
236547
236540
236533
236534
236532
236530
236531
236538
236539
236537
236535
236536
236422
236308
236309
236307
236305
236306
236313
236314
236312
236310
236311
236304
236297
236298
236296
236294
236295
236302
236303
236301
236299
236300
236329
236330
236328
236326
236327
236334
236335
236333
236331
236332
236325
236318
236319
236317
236315
236316
236323
236324
236322
236320
236321
236293
236265
236266
236264
236262
236263
236270
236271
236269
236267
236268
236261
236254
236255
236253
236251
236252
236259
236260
236258
236256
236257
236286
236287
236285
236283
236284
236291
236292
236290
236288
236289
236282
236275
236276
236274
236272
236273
236280
236281
236279
236277
236278
236336
236394
236395
236393
236391
236392
236399
236400
236398
236396
236397
236390
236383
236384
236382
236380
236381
236388
236389
236387
236385
236386
236415
236416
236414
236412
236413
236420
236421
236419
236417
236418
236411
236404
236405
236403
236401
236402
236409
236410
236408
236406
236407
236379
236351
236352
236350
236348
236349
236356
236357
236355
236353
236354
236347
236340
236341
236339
236337
236338
236345
236346
236344
236342
236343
236372
236373
236371
236369
236370
236377
236378
236376
236374
236375
236368
236361
236362
236360
236358
236359
236366
236367
236365
236363
236364
236823
236824
236822
236820
236821
236828
236829
236827
236825
236826
236819
236812
236813
236811
236809
236810
236817
236818
236816
236814
236815
236844
236845
236843
236841
236842
236849
236850
236848
236846
236847
236840
236833
236834
236832
236830
236831
236838
236839
236837
236835
236836
236808
236780
236781
236779
236777
236778
236785
236786
236784
236782
236783
236776
236769
236770
236768
236766
236767
236774
236775
236773
236771
236772
236801
236802
236800
236798
236799
236806
236807
236805
236803
236804
236797
236790
236791
236789
236787
236788
236795
236796
236794
236792
236793
236851
236909
236910
236908
236906
236907
236914
236915
236913
236911
236912
236905
236898
236899
236897
236895
236896
236903
236904
236902
236900
236901
236930
236931
236929
236927
236928
236935
236936
236934
236932
236933
236926
236919
236920
236918
236916
236917
236924
236925
236923
236921
236922
236894
236866
236867
236865
236863
236864
236871
236872
236870
236868
236869
236862
236855
236856
236854
236852
236853
236860
236861
236859
236857
236858
236887
236888
236886
236884
236885
236892
236893
236891
236889
236890
236883
236876
236877
236875
236873
236874
236881
236882
236880
236878
236879
236765
236651
236652
236650
236648
236649
236656
236657
236655
236653
236654
236647
236640
236641
236639
236637
236638
236645
236646
236644
236642
236643
236672
236673
236671
236669
236670
236677
236678
236676
236674
236675
236668
236661
236662
236660
236658
236659
236666
236667
236665
236663
236664
236636
236608
236609
236607
236605
236606
236613
236614
236612
236610
236611
236604
236597
236598
236596
236594
236595
236602
236603
236601
236599
236600
236629
236630
236628
236626
236627
236634
236635
236633
236631
236632
236625
236618
236619
236617
236615
236616
236623
236624
236622
236620
236621
236679
236737
236738
236736
236734
236735
236742
236743
236741
236739
236740
236733
236726
236727
236725
236723
236724
236731
236732
236730
236728
236729
236758
236759
236757
236755
236756
236763
236764
236762
236760
236761
236754
236747
236748
236746
236744
236745
236752
236753
236751
236749
236750
236722
236694
236695
236693
236691
236692
236699
236700
236698
236696
236697
236690
236683
236684
236682
236680
236681
236688
236689
236687
236685
236686
236715
236716
236714
236712
236713
236720
236721
236719
236717
236718
236711
236704
236705
236703
236701
236702
236709
236710
236708
236706
236707
237624
238541
238542
238540
238538
238539
238546
238547
238545
238543
238544
238537
238530
238531
238529
238527
238528
238535
238536
238534
238532
238533
238562
238563
238561
238559
238560
238567
238568
238566
238564
238565
238558
238551
238552
238550
238548
238549
238556
238557
238555
238553
238554
238526
238498
238499
238497
238495
238496
238503
238504
238502
238500
238501
238494
238487
238488
238486
238484
238485
238492
238493
238491
238489
238490
238519
238520
238518
238516
238517
238524
238525
238523
238521
238522
238515
238508
238509
238507
238505
238506
238513
238514
238512
238510
238511
238569
238627
238628
238626
238624
238625
238632
238633
238631
238629
238630
238623
238616
238617
238615
238613
238614
238621
238622
238620
238618
238619
238648
238649
238647
238645
238646
238653
238654
238652
238650
238651
238644
238637
238638
238636
238634
238635
238642
238643
238641
238639
238640
238612
238584
238585
238583
238581
238582
238589
238590
238588
238586
238587
238580
238573
238574
238572
238570
238571
238578
238579
238577
238575
238576
238605
238606
238604
238602
238603
238610
238611
238609
238607
238608
238601
238594
238595
238593
238591
238592
238599
238600
238598
238596
238597
238483
238369
238370
238368
238366
238367
238374
238375
238373
238371
238372
238365
238358
238359
238357
238355
238356
238363
238364
238362
238360
238361
238390
238391
238389
238387
238388
238395
238396
238394
238392
238393
238386
238379
238380
238378
238376
238377
238384
238385
238383
238381
238382
238354
238326
238327
238325
238323
238324
238331
238332
238330
238328
238329
238322
238315
238316
238314
238312
238313
238320
238321
238319
238317
238318
238347
238348
238346
238344
238345
238352
238353
238351
238349
238350
238343
238336
238337
238335
238333
238334
238341
238342
238340
238338
238339
238397
238455
238456
238454
238452
238453
238460
238461
238459
238457
238458
238451
238444
238445
238443
238441
238442
238449
238450
238448
238446
238447
238476
238477
238475
238473
238474
238481
238482
238480
238478
238479
238472
238465
238466
238464
238462
238463
238470
238471
238469
238467
238468
238440
238412
238413
238411
238409
238410
238417
238418
238416
238414
238415
238408
238401
238402
238400
238398
238399
238406
238407
238405
238403
238404
238433
238434
238432
238430
238431
238438
238439
238437
238435
238436
238429
238422
238423
238421
238419
238420
238427
238428
238426
238424
238425
238884
238885
238883
238881
238882
238889
238890
238888
238886
238887
238880
238873
238874
238872
238870
238871
238878
238879
238877
238875
238876
238905
238906
238904
238902
238903
238910
238911
238909
238907
238908
238901
238894
238895
238893
238891
238892
238899
238900
238898
238896
238897
238869
238841
238842
238840
238838
238839
238846
238847
238845
238843
238844
238837
238830
238831
238829
238827
238828
238835
238836
238834
238832
238833
238862
238863
238861
238859
238860
238867
238868
238866
238864
238865
238858
238851
238852
238850
238848
238849
238856
238857
238855
238853
238854
238912
238970
238971
238969
238967
238968
238975
238976
238974
238972
238973
238966
238959
238960
238958
238956
238957
238964
238965
238963
238961
238962
238991
238992
238990
238988
238989
238996
238997
238995
238993
238994
238987
238980
238981
238979
238977
238978
238985
238986
238984
238982
238983
238955
238927
238928
238926
238924
238925
238932
238933
238931
238929
238930
238923
238916
238917
238915
238913
238914
238921
238922
238920
238918
238919
238948
238949
238947
238945
238946
238953
238954
238952
238950
238951
238944
238937
238938
238936
238934
238935
238942
238943
238941
238939
238940
238826
238712
238713
238711
238709
238710
238717
238718
238716
238714
238715
238708
238701
238702
238700
238698
238699
238706
238707
238705
238703
238704
238733
238734
238732
238730
238731
238738
238739
238737
238735
238736
238729
238722
238723
238721
238719
238720
238727
238728
238726
238724
238725
238697
238669
238670
238668
238666
238667
238674
238675
238673
238671
238672
238665
238658
238659
238657
238655
238656
238663
238664
238662
238660
238661
238690
238691
238689
238687
238688
238695
238696
238694
238692
238693
238686
238679
238680
238678
238676
238677
238684
238685
238683
238681
238682
238740
238798
238799
238797
238795
238796
238803
238804
238802
238800
238801
238794
238787
238788
238786
238784
238785
238792
238793
238791
238789
238790
238819
238820
238818
238816
238817
238824
238825
238823
238821
238822
238815
238808
238809
238807
238805
238806
238813
238814
238812
238810
238811
238783
238755
238756
238754
238752
238753
238760
238761
238759
238757
238758
238751
238744
238745
238743
238741
238742
238749
238750
238748
238746
238747
238776
238777
238775
238773
238774
238781
238782
238780
238778
238779
238772
238765
238766
238764
238762
238763
238770
238771
238769
238767
238768
238311
237854
237855
237853
237851
237852
237859
237860
237858
237856
237857
237850
237843
237844
237842
237840
237841
237848
237849
237847
237845
237846
237875
237876
237874
237872
237873
237880
237881
237879
237877
237878
237871
237864
237865
237863
237861
237862
237869
237870
237868
237866
237867
237839
237811
237812
237810
237808
237809
237816
237817
237815
237813
237814
237807
237800
237801
237799
237797
237798
237805
237806
237804
237802
237803
237832
237833
237831
237829
237830
237837
237838
237836
237834
237835
237828
237821
237822
237820
237818
237819
237826
237827
237825
237823
237824
237882
237940
237941
237939
237937
237938
237945
237946
237944
237942
237943
237936
237929
237930
237928
237926
237927
237934
237935
237933
237931
237932
237961
237962
237960
237958
237959
237966
237967
237965
237963
237964
237957
237950
237951
237949
237947
237948
237955
237956
237954
237952
237953
237925
237897
237898
237896
237894
237895
237902
237903
237901
237899
237900
237893
237886
237887
237885
237883
237884
237891
237892
237890
237888
237889
237918
237919
237917
237915
237916
237923
237924
237922
237920
237921
237914
237907
237908
237906
237904
237905
237912
237913
237911
237909
237910
237796
237682
237683
237681
237679
237680
237687
237688
237686
237684
237685
237678
237671
237672
237670
237668
237669
237676
237677
237675
237673
237674
237703
237704
237702
237700
237701
237708
237709
237707
237705
237706
237699
237692
237693
237691
237689
237690
237697
237698
237696
237694
237695
237667
237639
237640
237638
237636
237637
237644
237645
237643
237641
237642
237635
237628
237629
237627
237625
237626
237633
237634
237632
237630
237631
237660
237661
237659
237657
237658
237665
237666
237664
237662
237663
